1  486.0000  176.0000  249.7600
2  274.0000  108.0000  212.4400
3  385.0000   97.0000  244.0600
4  387.0000  133.0000  226.5900
5  298.0000  154.0000  216.3500
6  359.0000  176.0000  222.8100
7  287.0000  181.0000  215.1400
8  387.0000  237.0000  226.5000
9  471.0000  134.0000  257.7000
10  484.0000  120.0000  266.0600
11  504.0000  127.0000  270.6000
12  530.0000  122.0000  280.7600
13  513.0000  142.0000  268.0200
14  497.0000  210.0000  239.1300
15  618.0000  135.0000  302.1200
16  638.0000  309.0000  270.7000
17  673.0000  355.0000  294.6100
18  695.0000  306.0000  295.1300
19  163.0000   89.0000  231.5100
20  682.0000  251.0000  279.0000
21  417.0000  331.0000  225.7500
22  548.0000  389.0000  263.1700
23  509.0000  438.0000  250.8200
24  453.0000  407.0000  231.7100
25  678.0000  158.0000  285.6200
26  169.0000  195.0000  220.2300
27  126.0000  262.0000  216.4000
28  470.0000  384.0000  270.0100
29  219.0000  145.0000  212.3300
30  377.0000  158.0000  225.1100
31  646.0000  230.0000  267.3400
32  421.0000  152.0000  242.6400
33  641.0000  158.0000  296.1700
34  425.0000  307.0000  226.2800
35  568.0000  233.0000  246.7100
36  203.0000  267.0000  210.8600